J = 7 * 10^-6;
Cm = 1.3;
Cw = 3.15;
Lia = 0.0015;
Lob = 0.013;
Ria = 8;
